Day: [1]
Hour: [15]
Food: [10]
Wood: [10]
Stone: [10]
PopulationCap: [5]
MusicVol: [-35.38288]
SFXVol: [-16.65076]
Unit: [Joseph, M, Farmer, 19, 21, 5, 10, 10, 40, 3, 2, 3, 3, 40, 0, 1, 3]
Zombie: [9, 14, 10]
Zombie: [28, 22, 10]
